*********** TEST CASE: ./map_close.txt ***********
*** SIMULATION TIME (s) ***
327.00
301.60
297.60
305.80
311.40
312.40
296.40
303.60
307.80
306.00
305.40
307.00
310.60
316.00
315.40
315.80
315.00
303.00
349.80
313.60
296.60
313.00
303.20
300.60
296.80
321.60
321.80
305.60
321.80
308.40
AVG SIM: 310.35
*********** TEST CASE: ./map_far.txt ***********
*** SIMULATION TIME (s) ***
394.60
388.60
387.60
399.20
396.80
403.40
390.40
409.80
397.00
401.00
398.80
403.40
402.00
401.40
396.00
401.80
390.20
406.80
386.20
404.40
414.80
415.60
404.20
403.80
407.80
397.00
394.40
396.20
392.40
418.40
AVG SIM: 400.13

