*********** TEST CASE: ./map_sign.txt ***********
*********** OBEDIENCE 0% *********** 
*** SIMULATION TIME (s) ***
697.20
706.60
714.60
687.00
710.40
684.20
708.20
824.80
739.60
684.40
831.20
705.80
710.40
765.20
696.20
728.00
843.80
695.60
779.20
696.00
708.00
793.60
708.80
697.80
715.20
787.40
773.80
692.40
699.80
703.60
AVG SIM: 729.63
*********** OBEDIENCE 10% *********** 
*** SIMULATION TIME (s) ***
685.60
694.80
670.60
698.60
712.20
678.60
666.80
652.60
836.60
685.00
681.00
771.60
702.60
713.60
667.40
713.80
694.80
699.40
705.00
706.60
704.60
704.40
692.00
698.80
678.60
682.40
666.80
698.40
701.20
691.20
AVG SIM: 698.52
*********** OBEDIENCE 20% *********** 
*** SIMULATION TIME (s) ***
698.40
666.20
701.40
710.60
687.00
719.60
666.40
631.60
693.80
650.00
690.00
681.40
689.00
667.40
706.80
675.60
686.40
700.40
712.60
643.40
677.80
699.20
712.60
718.00
691.80
664.80
704.60
696.00
688.80
679.60
AVG SIM: 687.04
*********** OBEDIENCE 30% *********** 
*** SIMULATION TIME (s) ***
650.40
703.20
724.80
697.80
671.00
669.80
664.80
649.80
665.40
682.40
691.60
709.40
660.80
701.00
666.20
722.60
732.40
686.00
638.00
691.80
652.20
615.60
659.60
663.40
674.00
654.40
675.20
711.00
676.20
693.00
AVG SIM: 678.46
*********** OBEDIENCE 40% *********** 
*** SIMULATION TIME (s) ***
671.60
685.00
603.60
680.00
715.80
712.20
651.00
660.00
720.20
634.00
671.40
598.80
706.80
694.60
638.20
653.80
659.80
612.40
659.80
624.00
704.40
600.20
638.40
599.20
650.20
657.40
653.20
634.40
651.20
655.80
AVG SIM: 656.58
*********** OBEDIENCE 50% *********** 
*** SIMULATION TIME (s) ***
707.80
613.40
606.40
666.20
618.00
621.60
668.40
698.20
595.20
590.00
595.80
653.60
659.60
607.40
584.20
698.00
619.60
670.40
634.20
613.40
582.60
618.20
645.60
657.20
647.80
621.80
604.20
649.60
630.40
545.00
AVG SIM: 630.79
*********** OBEDIENCE 60% *********** 
*** SIMULATION TIME (s) ***
587.20
641.40
514.60
708.40
627.00
643.20
612.40
606.00
576.00
587.80
603.20
540.40
626.80
641.00
593.60
566.00
532.40
639.00
602.40
599.20
602.80
564.00
560.20
568.40
632.60
655.20
595.00
605.60
621.80
608.60
AVG SIM: 602.07
*********** OBEDIENCE 70% *********** 
*** SIMULATION TIME (s) ***
653.20
567.80
596.60
608.80
539.00
618.80
562.60
616.80
604.80
594.60
611.80
549.00
577.20
558.20
572.00
578.00
612.60
587.00
565.00
562.80
596.20
603.60
585.20
582.00
549.00
559.00
563.20
512.60
590.40
490.20
AVG SIM: 578.93
*********** OBEDIENCE 80% *********** 
*** SIMULATION TIME (s) ***
466.00
571.60
515.80
569.20
547.60
516.40
559.80
538.20
545.40
582.00
596.20
565.40
524.60
497.00
576.80
558.60
495.60
540.20
561.40
556.00
566.00
531.00
541.20
572.00
647.00
538.00
519.60
484.00
593.40
606.80
AVG SIM: 549.43
*********** OBEDIENCE 90% *********** 
*** SIMULATION TIME (s) ***
522.80
514.00
453.60
528.60
507.00
559.00
514.40
413.20
563.40
417.00
506.20
563.80
449.80
471.00
522.80
518.80
407.20
484.80
540.40
496.20
530.80
448.00
497.20
413.60
540.40
530.40
521.00
451.80
571.20
484.00
AVG SIM: 498.08
*********** OBEDIENCE 100% *********** 
*** SIMULATION TIME (s) ***
382.80
398.20
402.00
413.20
404.80
396.00
394.60
424.00
427.20
405.20
408.80
414.80
403.80
391.00
399.40
407.40
405.40
390.00
394.60
400.80
407.80
406.80
399.20
403.80
386.60
404.00
384.80
389.60
395.60
396.60
AVG SIM: 401.29
